 0.75000000  0.00000000  2.12132034  0.00000000  1.22474487  0.00000000  0.00000000  0.00000000  0.00000000  0.00000000  0.00000000  0.00000000  0.00000000  0.00000000 
 0.00000000  3.75000000  0.00000000  6.12372436  0.00000000  2.73861279  0.00000000  0.00000000  0.00000000  0.00000000  0.00000000  0.00000000  0.00000000  0.00000000 
 2.12132034  0.00000000  9.75000000  0.00000000 12.12435565  0.00000000  4.74341649  0.00000000  0.00000000  0.00000000  0.00000000  0.00000000  0.00000000  0.00000000 
 0.00000000  6.12372436  0.00000000 18.75000000  0.00000000 20.12461180  0.00000000  7.24568837  0.00000000  0.00000000  0.00000000  0.00000000  0.00000000  0.00000000 
 1.22474487  0.00000000 12.12435565  0.00000000 30.75000000  0.00000000 30.12474066  0.00000000 10.24695077  0.00000000  0.00000000  0.00000000  0.00000000  0.00000000 
 0.00000000  2.73861279  0.00000000 20.12461180  0.00000000 45.75000000  0.00000000 42.12481454  0.00000000 13.74772708  0.00000000  0.00000000  0.00000000  0.00000000 
 0.00000000  0.00000000  4.74341649  0.00000000 30.12474066  0.00000000 63.75000000  0.00000000 56.12486080  0.00000000 17.74823935  0.00000000  0.00000000  0.00000000 
 0.00000000  0.00000000  0.00000000  7.24568837  0.00000000 42.12481454  0.00000000 84.75000000  0.00000000 72.12489168  0.00000000 22.24859546  0.00000000  0.00000000 
 0.00000000  0.00000000  0.00000000  0.00000000 10.24695077  0.00000000 56.12486080  0.00000000 108.75000000  0.00000000 90.12491331  0.00000000 27.24885319  0.00000000 
 0.00000000  0.00000000  0.00000000  0.00000000  0.00000000 13.74772708  0.00000000 72.12489168  0.00000000 135.75000000  0.00000000 110.12492906  0.00000000 32.74904579 
 0.00000000  0.00000000  0.00000000  0.00000000  0.00000000  0.00000000 17.74823935  0.00000000 90.12491331  0.00000000 165.75000000  0.00000000 132.12494087  0.00000000 
 0.00000000  0.00000000  0.00000000  0.00000000  0.00000000  0.00000000  0.00000000 22.24859546  0.00000000 110.12492906  0.00000000 198.75000000  0.00000000 156.12494996 
 0.00000000  0.00000000  0.00000000  0.00000000  0.00000000  0.00000000  0.00000000  0.00000000 27.24885319  0.00000000 132.12494087  0.00000000 234.75000000  0.00000000 
 0.00000000  0.00000000  0.00000000  0.00000000  0.00000000  0.00000000  0.00000000  0.00000000  0.00000000 32.74904579  0.00000000 156.12494996  0.00000000 273.75000000 
